Relative time [ms],Voltage 
0,496
499,496
1000,496
1501,497
2000,496
2501,496
3002,496
3503,496
4002,495
4503,495
5004,495
5505,494
6004,495
6505,496
7006,496
7506,495
8006,496
8507,495
9008,496
9508,496
10008,496
10509,496
11010,496
11510,496
12010,496
12511,498
13011,499
13512,498
14013,504
14513,523
15013,776
15514,876
16015,898
16515,907
17015,909
17516,912
18017,912
18518,912
19017,912
19518,913
20019,912
20519,913
21019,912
21520,912
22021,911
22521,911
23022,911
23522,912
24023,911
24523,911
25024,911
25524,910
26024,910
26525,910
27026,909
27527,909
28026,909
28527,907
29028,907
29529,909
30029,909
30529,908
31030,909
31531,908
32031,908
32531,908
33032,907
33532,907
34033,906
34534,906
35034,905
35534,906
36035,905
36536,906
37036,906
37536,906
38037,906
38538,906
39038,906
39538,905
40039,905
40540,905
41040,902
41540,863
42041,832
42542,808
43042,785
43543,760
44043,741
44544,725
45044,708
45545,693
46046,680
46545,667
47046,655
47547,644
48048,634
48547,625
49048,616
49549,608
50050,602
50550,596
51050,588
51551,582
52051,576
52552,571
53052,564
53553,559
54053,554
54554,549
55055,547
55555,543
56055,541
56556,538
57057,535
57558,533
58057,532
58558,529
59059,528
59559,527
60059,527
60560,527
61061,526
61561,526
62062,526
62562,525
63063,524
63563,524
64064,523
64564,522
65064,521
65565,520
66066,518
66567,516
67066,514
67567,513
68068,512
68569,510
69069,509
69569,508
70070,507
70571,506
71071,504
71571,504
72072,502
72572,501
73073,499
73574,499
74074,498
74574,498
75075,497
75576,499
76076,498
76576,499
77077,499
77578,499
78078,499
78578,499
79079,499
79580,499
80080,498
80580,499
81081,499
81582,498
82082,497
82583,497
83083,498
83584,497
84084,496
84585,495
85085,495
85585,495
86086,494
86587,493
87088,493
87587,491
88088,492
88589,492
89090,491
89590,492
90090,492
90591,493
91091,494
91592,494
92092,495
92593,495
93093,495
93594,495
94095,495
94595,496
95095,496
